time,ax,ay,az,gx,gy,gz,mx,my,mz
1.4616854918993147E18,3.4442291,-8.426514,2.838852,-0.059677124,0.19326782,0.07585144,-24.148941,65.43388,-4.77314
1.4616854919194563E18,3.513794,-8.417664,2.7866364,-0.06288147,0.16442871,0.08119202,-24.062729,65.43388,-4.6056747
1.461685491939598E18,3.4999084,-8.244446,2.5794067,-0.025497437,0.10461426,0.11109924,-23.890495,65.262794,-4.6894073
1.4616854919597396E18,3.578186,-8.130539,2.344452,0.0033416748,0.036254883,0.13993835,-23.804283,65.091705,-4.5217514
1.4616854919798812E18,3.6583862,-8.065918,2.1171265,-0.009475708,0.012756348,0.14100647,-23.804283,65.348434,-4.6894073
1.4616854920000228E18,3.8308105,-7.855179,1.9927979,-0.07569885,0.038391113,0.03526306,-23.545837,65.51952,-4.6056747
1.4616854920201644E18,3.7498322,-7.9701233,2.1988678,-0.104537964,0.071502686,-0.07902527,-23.804283,65.60516,-4.6894073
1.461685492040306E18,3.7385712,-8.292419,2.1457214,-0.10774231,-0.008605957,-0.09825134,-23.976517,65.77625,-4.521942
1.4616854920604475E18,4.1373444,-9.168884,1.9152374,-0.10240173,-0.09939575,-0.090774536,-24.14875,65.69061,-4.6894073
1.461685492080589E18,4.377121,-9.640793,1.6889343,-0.08744812,-0.17843628,-0.06513977,-24.062729,65.94734,-5.0245285
1.461685492100731E18,3.8351135,-9.973145,1.1475677,-0.18571472,-0.45721436,0.119644165,-24.234962,66.03279,-5.0245285
1.4616854921208724E18,3.6242218,-10.165848,0.9591675,-0.31495667,-0.6569519,0.27772522,-24.148941,65.94715,-4.6894073
1.461685492141014E18,3.447647,-9.088791,1.1330414,-0.3598175,-0.47857666,0.3749237,-24.06292,66.20369,-4.354286
1.4616854921611556E18,3.75766,-8.354187,1.34021,-0.21669006,-0.20407104,0.24461365,-23.804474,66.11824,-4.019165
1.4616854921812972E18,4.2270355,-8.518753,0.97706604,-0.15367126,-0.30981445,-0.021347046,-23.63224,66.20388,-3.6003113
1.4616854922014387E18,3.6254578,-8.356903,1.1809387,-0.045791626,-0.2980652,-0.1302948,-23.373795,66.20388,-3.5165787
1.4616854922215803E18,3.2752228,-7.848358,0.68969727,-0.066085815,-0.2361145,-0.050186157,-23.201561,66.37516,-3.1814575
1.461685492241722E18,3.3222198,-7.2683105,0.5120392,-0.14512634,-0.11328125,0.03526306,-23.373795,66.28971,-2.6786804
1.4616854922618637E18,3.4944305,-7.28891,0.53912354,-0.19532776,-0.0011291504,0.03526306,-23.115349,66.63208,-2.0921707
1.4616854922820052E18,3.7733307,-7.9318085,0.68969727,-0.18998718,0.04373169,-0.029891968,-23.20137,66.97426,-1.8407822
1.4616854923021468E18,3.5039825,-8.017471,0.19416809,-0.33525085,-0.03744507,-0.0181427,-23.20137,67.0599,-1.5893936
1.4616854923222884E18,4.079117,-7.794449,-0.53108215,-0.6044159,-0.40808105,-0.18583679,-23.459816,67.14535,-1.4217377
1.46168549234243E18,3.553009,-8.220383,1.1261597,-0.3672943,0.4229126,-0.19865417,-23.63205,67.31644,-1.1703491
1.4616854923625715E18,4.904709,-9.281067,0.89881897,-0.21775818,0.3609619,-0.4250946,-24.062729,67.573166,-0.9189606
1.461685492382713E18,4.520508,-8.747253,0.62609863,-0.18785095,0.051208496,-0.4528656,-24.234962,67.744255,-0.5838394
1.461685492402855E18,4.818573,-8.283798,0.6429138,-0.08103943,0.027709961,-0.34284973,-24.407196,67.915344,-0.33245087
1.4616854924229965E18,4.993347,-8.860413,0.25231934,-0.06929016,-0.17416382,-0.22322083,-24.837875,68.00079,-0.24852753
1.461685492443138E18,4.769882,-9.619995,0.36401367,-0.032974243,-0.31622314,-0.09291077,-25.096321,67.915344,0.08659363
1.4616854924632796E18,4.633072,-10.224579,-0.027770996,-0.027633667,-0.40808105,0.060897827,-25.613022,67.829704,0.67310333
1.4616854924834212E18,4.497452,-10.4361725,-0.17092896,-0.088516235,-0.54800415,0.16664124,-25.699234,68.08643,1.0082245
1.4616854925035628E18,4.8459015,-10.642487,-0.15341187,-0.066085815,-0.5661621,0.08973694,-25.95768,68.42861,1.5110016
1.4616854925237043E18,5.265732,-10.963913,-0.2592163,-0.019088745,-0.5586853,-0.068344116,-25.785446,68.51406,1.8463135
1.461685492543846E18,5.550598,-10.880859,-0.9458771,-0.14726257,-0.6633606,-0.23176575,-26.043892,68.59951,2.0139694
1.4616854925639877E18,5.5428314,-10.322723,-1.517395,-0.40574646,-0.69433594,-0.34284973,-26.216125,68.94169,2.6842117
1.4616854925841293E18,5.4562683,-9.709045,-2.1051483,-0.7945404,-0.7391968,-0.47209167,-26.560593,68.94169,3.186798
1.4616854926042708E18,4.6845703,-9.448105,-0.8858032,-0.8703766,-0.30981445,-0.49345398,-26.90506,69.02714,3.5219193
1.4616854926244124E18,3.921997,-10.03923,1.1050873,-0.22843933,0.35668945,-0.29692078,-26.90506,69.19823,3.7733078
1.461685492644554E18,2.9199677,-9.608246,3.337265,1.0565033,1.3019714,-0.08970642,-27.42176,69.02714,3.940773
1.4616854926646956E18,1.35672,-8.578751,3.2177124,2.2271576,1.7879639,0.3119049,-27.766228,68.85605,3.27034
1.461685492684837E18,1.4676514,-7.243469,2.3056793,2.407669,1.1438904,0.63127136,-28.196907,69.11278,2.7675629
1.461685492704979E18,2.3409119,-6.7958374,2.33049,1.7977753,0.53292847,0.5148468,-28.36914,69.28387,1.845932
1.4616854927251205E18,2.6569366,-7.6566925,3.0775757,0.9016266,0.41116333,0.21043396,-28.36914,69.02714,0.33779144
1.461685492745262E18,3.649063,-9.003265,4.474243,0.016159058,0.75616455,-0.21788025,-28.28312,68.94169,-1.0026932
1.4616854927654036E18,3.6998138,-10.102798,5.5872498,-0.48692322,0.8864746,-0.5447235,-28.28312,68.94169,-2.3431778
1.4616854927855452E18,3.6202087,-9.859619,5.621475,-0.5264435,0.8501587,-0.67503357,-28.627586,68.7706,-3.8513184
1.4616854928056868E18,3.4093323,-8.046173,4.2651215,-0.51789856,0.6173096,-0.59599304,-28.627586,68.94169,-5.024338
1.4616854928258284E18,3.4987335,-6.616287,3.2377625,-0.5275116,0.049072266,-0.41975403,-28.79982,68.85605,-5.359459
1.46168549284597E18,3.3358002,-5.8701477,2.7545013,-0.3939972,-0.38565063,-0.22428894,-29.144287,68.59932,-5.6108475
1.4616854928661117E18,3.1985931,-5.3404694,2.4976654,-0.051132202,-0.32156372,0.04914856,-29.488754,68.42823,-5.2757263
1.4616854928862533E18,3.1896057,-5.466385,2.3564758,0.28959656,-0.004333496,0.1847992,-29.833221,68.42823,-4.772949
1.461685492906395E18,3.0753174,-5.9534607,2.3756256,0.34407043,0.06402588,0.17198181,-30.2639,68.34259,-4.6892166
1.4616854929265364E18,2.866211,-6.5408325,2.6322632,0.24900818,0.18792725,0.15275574,-30.350113,68.34259,-4.6892166
1.461685492946678E18,2.7202148,-6.9436646,2.8923187,0.11656189,0.23812866,0.101486206,-30.350113,68.34259,-4.270363
1.4616854929668196E18,2.3345337,-7.301529,3.2707214,0.05354309,0.24133301,0.11857605,-30.522346,68.34259,-4.1864395
1.4616854929869612E18,2.4427338,-7.7263184,3.5779724,0.13365173,-0.028900146,0.23500061,-30.436134,68.34259,-4.1864395
1.461685493007103E18,2.7866821,-7.8903046,3.4580688,0.22871399,-0.56295776,0.34181213,-30.436134,68.51368,-4.270172
1.4616854930272445E18,3.009369,-7.895279,3.352707,0.4113617,-1.0574951,0.55329895,-30.2639,68.68477,-4.856682
1.461685493047386E18,3.219818,-8.452225,3.2346191,0.608963,-1.3544312,0.739151,-29.833412,68.85586,-5.191803
1.4616854930675277E18,3.8050537,-9.0455475,3.3601837,0.7136383,-1.7539063,0.82032776,-29.574966,69.369125,-5.359459
1.4616854930876692E18,4.8648987,-9.836502,3.278305,0.7713165,-2.0722046,0.7551727,-29.2305,69.540215,-5.4433823
1.4616854931078108E18,5.797821,-10.782211,3.0231323,0.8044281,-2.030548,0.590683,-28.886032,69.88239,-5.9459686
1.4616854931279524E18,6.79187,-11.473282,1.7878265,0.5235138,-1.7101135,0.22431946,-28.369331,70.31002,-5.862236
1.461685493148094E18,8.040726,-11.155029,-2.6040192,-0.6663666,-1.0735168,-0.3695526,-28.024864,70.73784,-5.862236
1.4616854931682358E18,8.570923,-10.780838,-4.1704254,-2.561203,0.50302124,-1.3212433,-28.024864,70.65239,-5.3596497
1.4616854931883773E18,7.6444244,-11.116562,1.2855225,-2.8453217,1.8200073,-2.060379,-28.541565,70.73803,-4.270363
1.461685493208519E18,7.9399567,-11.101624,1.9090881,-2.3368988,1.1994324,-2.514328,-29.919624,70.65258,-3.1812668
1.4616854932286605E18,6.8226166,-10.163544,2.1225586,-1.9053802,0.4303894,-2.3861542,-31.211662,70.05386,-1.5054703
1.461685493248802E18,5.234741,-8.489197,1.3692322,-1.5721283,0.51690674,-1.4216461,-33.106422,69.36951,0.25424957
1.4616854932689436E18,4.009613,-7.3315277,1.1750488,-1.2506256,0.8651123,-0.4817047,-35.087585,68.59951,2.1814346
1.4616854932890852E18,3.432495,-6.1924286,0.96162415,-1.013504,1.0434875,-0.1025238,-37.240982,67.572975,3.8572311
1.4616854933092268E18,3.2967377,-6.7613525,1.6862183,-0.60227966,1.2752686,-0.07902527,-39.308167,66.54625,5.5330276
1.4616854933293686E18,3.4904022,-9.315964,2.9460754,1.373291E-4,1.4600525,0.001083374,-41.203117,65.69061,6.370926
1.4616854933495101E18,3.5376434,-11.670959,3.914093,0.608963,1.6031799,0.38026428,-42.409134,65.006065,6.8735123
1.4616854933696517E18,3.2476044,-11.880661,4.3988495,1.0383453,1.085144,0.7124481,-43.09826,64.32152,6.8735123
1.4616854933897933E18,2.817215,-9.386948,3.186264,1.201767,-0.37069702,0.7252655,-43.52894,64.06479,6.20327
1.4616854934099348E18,4.189575,-7.5645294,1.6251678,0.97639465,-1.4345398,0.29908752,-43.61515,63.80806,5.4491043
1.4616854934300764E18,4.640503,-7.0071716,1.230896,0.664505,-1.2647095,-0.22428894,-43.442726,63.72261,4.5272827
1.461685493450218E18,5.120804,-6.0638885,0.95791626,0.42845154,-0.95602417,-0.53938293,-43.528748,63.63697,3.6056519
1.4616854934703598E18,4.1092834,-5.3209534,0.5328827,0.11442566,-0.6986084,-0.62590027,-43.528748,63.380432,2.516365
1.4616854934905014E18,3.4838715,-4.827133,0.24801636,-0.23271179,-0.4807129,-0.37382507,-43.2703,63.294983,2.181244
1.461685493510643E18,2.8114014,-4.686508,-0.05747986,-0.6343231,-0.1795044,-0.027755737,-43.442535,62.867355,2.0137787
1.4616854935307845E18,2.5160675,-5.267624,-0.015563965,-0.9985504,0.2060852,0.34394836,-43.442535,62.781906,1.9300461
1.461685493550926E18,2.234726,-6.213516,0.15045166,-1.2986908,0.7016907,0.56825256,-43.528557,62.610817,2.0975113
1.4616854935710676E18,2.2129822,-7.4111023,0.9383087,-1.3670502,1.3820801,0.63768005,-43.873024,62.781906,2.6002884
1.4616854935912092E18,2.4497833,-8.117462,1.5016327,-1.18013,1.7345581,0.44755554,-44.21768,62.525177,3.1030655
1.4616854936113508E18,3.2739716,-8.334137,1.7771454,-0.88105774,1.362854,0.040603638,-44.21768,62.354088,3.6056519
1.4616854936314926E18,4.105728,-8.645142,1.4842987,-0.61402893,0.2060852,-0.44218445,-44.56215,62.354088,4.611206
1.4616854936516342E18,5.077896,-8.779724,0.91467285,-0.5328522,-0.9250488,-0.7263031,-44.906616,62.439537,5.3653717
1.4616854936717757E18,6.07901,-8.767212,0.6785736,-0.4794464,-1.844696,-0.93885803,-45.07885,62.182808,6.035614
1.4616854936919173E18,6.976349,-8.930435,0.46878052,-0.25727844,-2.2366943,-1.0146942,-45.50934,61.75499,7.292557
1.461685493712059E18,8.326614,-9.7135315,-0.08300781,-0.11628723,-2.577423,-1.0552826,-46.02623,61.156082,8.968353
1.4616854937322004E18,8.873627,-10.679398,-1.599411,-0.41856384,-2.9811707,-1.0488739,-46.45691,60.557365,10.308838
1.461685493752342E18,9.262329,-10.180145,-3.5401,-1.1993561,-3.9232483,-1.0371246,-46.801376,59.78756,12.4874115
1.4616854937724836E18,7.3764343,-10.6879425,-4.488983,-1.7772064,-4.882416,-0.70173645,-47.232056,58.932114,15.252495
1.4616854937926254E18,5.7756653,-12.580246,-4.7148743,-1.5400848,-4.708313,0.029922485,-46.715355,57.81994,18.185043
1.461685493812767E18,2.1181488,-10.855469,-3.9523926,-0.6172333,-1.4847412,0.8310089,-46.198654,56.451225,21.117592
1.4616854938329085E18,2.9716797,-6.579376,-4.345932,-0.12696838,0.5425415,0.3460846,-45.854187,55.33924,24.05014
1.46168549385305E18,2.4104156,-5.7535706,-1.0920258,0.4038849,2.077423,0.03526306,-45.251274,54.398346,26.228523
1.4616854938731917E18,3.661377,-8.319168,-1.3793945,0.46476746,3.1829224,0.18586731,-44.906616,53.5429,27.485466
1.4616854938933332E18,5.1718903,-10.355347,-1.7593689,0.25221252,3.5674438,0.3332672,-44.64817,52.601814,28.49102
1.4616854939134748E18,4.9443817,-9.845261,0.007797241,0.46476746,3.9797363,0.39842224,-44.906616,52.088547,28.239632
1.4616854939336166E18,5.5024414,-9.8198395,1.446228,1.1729279,4.2211304,0.38026428,-45.07885,51.74637,26.815224
1.4616854939537582E18,5.5676727,-9.950714,2.1840515,1.8768158,3.7842712,0.3183136,-46.02623,51.917458,23.966408
1.4616854939738998E18,4.5401154,-8.958801,2.447815,2.3563995,3.0622253,0.39949036,-46.97361,52.430725,20.698738
1.4616854939940413E18,3.6058044,-7.212265,2.3359833,2.5582733,2.195984,0.48280334,-47.748756,53.02944,17.095947
1.461685494014183E18,3.395813,-5.991638,1.4149017,1.934494,0.6173096,0.451828,-48.610115,53.45707,13.409233
1.4616854940343245E18,2.9444733,-4.850754,1.6171722,1.2872162,-0.4048767,0.46250916,-49.040794,53.799248,9.806252
1.461685494054466E18,2.491211,-4.331253,1.5335693,0.8054962,-0.7402649,0.48280334,-49.127007,54.055977,6.706047
1.4616854940746076E18,2.532547,-4.220749,1.2869873,0.15821838,-0.7626953,0.54048157,-48.86856,54.569244,4.1923523
1.4616854940947494E18,3.428482,-4.9159546,1.77771,-0.27116394,-0.7808533,0.44755554,-48.524094,54.825974,2.2651672
1.461685494114891E18,4.1946564,-5.4946747,2.18779,-0.43885803,-0.6419983,0.2905426,-48.093414,54.911613,1.1758804
1.4616854941350326E18,4.8118896,-5.856476,2.3208313,-0.48051453,-0.54159546,0.12818909,-47.4905,54.826164,0.5893707
1.4616854941551741E18,5.2359467,-6.1950073,2.535492,-0.4431305,-0.50527954,0.016036987,-46.97361,54.655075,0.67310333
1.4616854941753157E18,5.5785065,-6.3151093,2.5943909,-0.36302185,-0.42089844,0.008560181,-46.715164,54.740715,1.0921478
1.4616854941954573E18,6.025116,-6.581848,2.7565765,-0.2124176,-0.33117676,0.021377563,-46.54293,54.911804,2.0137787
1.4616854942155988E18,6.590561,-7.0706635,2.9886932,0.05140686,-0.2841797,0.08226013,-46.198463,55.082893,2.6002884
1.4616854942357407E18,7.1784515,-7.6735535,3.0078583,0.35047913,-0.32904053,0.20722961,-46.02623,54.911804,3.1030655
1.4616854942558822E18,7.3682556,-8.4722595,2.9558716,0.58332825,-0.4315796,0.2830658,-46.198463,54.911804,3.4381866
1.4616854942760238E18,7.0881653,-9.4431,2.9704285,0.7414093,-0.49673462,0.30976868,-46.198463,54.997253,4.0246964
1.4616854942961654E18,6.948822,-10.369705,3.0054626,0.82792664,-0.5020752,0.24354553,-46.112442,54.997253,4.3598175
1.461685494316307E18,6.8240967,-10.853088,3.1710815,0.80656433,-0.6494751,0.10362244,-46.112442,55.082893,4.276085
1.4616854943364485E18,6.4682617,-10.083939,3.2601166,0.8471527,-0.88552856,0.121780396,-45.94021,54.826164,4.0246964
1.46168549435659E18,7.190094,-9.4830475,2.6504517,0.92832947,-1.2315979,0.019241333,-45.59574,54.655075,3.7733078
1.4616854943767316E18,10.192734,-8.768463,-6.737488,-0.87464905,-3.0933228,-0.6921234,-45.681763,54.483986,4.108429
1.4616854943968735E18,9.070297,-8.422455,-2.210678,-3.3131561,-2.493042,-1.179184,-45.681763,54.141808,4.946327
1.461685494417015E18,6.880554,-8.853821,2.259491,-1.8242035,0.54574585,-0.7829132,-45.59555,53.62854,5.868149
1.4616854944371566E18,4.8533783,-8.96936,-0.08859253,-1.096817,0.69421387,-0.18263245,-45.681763,52.858734,6.538582
1.4616854944572982E18,3.7653198,-8.914383,0.060150146,-0.8693085,0.815979,0.095077515,-46.112442,51.91765,7.4602127
1.4616854944774397E18,3.5292206,-9.310471,1.0415802,-0.45381165,1.260315,0.29908752,-46.284676,50.976563,8.214188
1.4616854944975813E18,3.2908478,-10.74469,2.0125427,0.1806488,2.0934448,0.50523376,-46.629333,50.206757,9.052086
1.461685494517723E18,3.4822998,-12.31839,2.039215,0.5502167,2.4672852,0.7893524,-46.629333,49.35131,9.387398
1.4616854945378644E18,4.5588226,-11.560608,1.8785553,0.543808,1.1481628,0.53834534,-46.715546,48.581314,9.136009
1.4616854945580063E18,4.626541,-8.784592,1.4912415,0.42417908,-0.30233765,0.07157898,-46.543312,47.72587,8.381844
1.4616854945781478E18,5.5652924,-7.1102448,0.7226715,0.2084198,-0.62490845,-0.54151917,-46.543312,47.12696,7.5439453
1.4616854945982894E18,4.775955,-5.9585266,-0.40231323,-0.33418274,-0.51275635,-0.9025421,-46.4571,46.699142,6.7897797
1.461685494618431E18,4.0098114,-4.5586243,-1.1574249,-1.0807953,-0.26922607,-0.9356537,-46.370888,46.271515,6.20327
1.4616854946385725E18,3.2539825,-3.4487762,-0.6264801,-1.6597137,0.21463013,-0.84165955,-46.543312,45.41607,6.0358047
1.461685494658714E18,2.432251,-3.3942719,-0.3889618,-2.0111237,0.83306885,-0.43470764,-46.801567,44.646072,5.952072
1.4616854946738204E18,2.3115845,-3.7238312,0.28904724,-2.1051178,1.0061035,-0.03843689,-47.146034,43.790627,6.538582
1.4616854946989975E18,2.9330292,-5.1832733,1.3268433,-1.7601166,0.8138428,0.47639465,-47.40448,42.84973,7.209015
1.461685494719139E18,3.2284393,-6.6813354,1.2169342,-1.2922821,0.8512268,0.68788147,-47.748947,42.421913,7.7955246
1.4616854947392806E18,3.099945,-7.8230133,1.133194,-0.7806549,1.0509644,0.8075104,-47.92137,41.737556,8.382034
1.4616854947594222E18,4.1857452,-8.535538,0.56495667,-0.3950653,0.6611023,0.5201874,-47.92137,40.96775,9.1362
1.4616854947795638E18,5.171051,-8.828934,-0.075790405,-0.2401886,-0.29058838,-0.09718323,-47.749138,40.454483,9.3875885
1.4616854947997053E18,5.7128143,-8.677643,-0.5337372,-0.07997131,-1.4195862,-0.5297699,-47.490692,40.369034,9.555054
1.461685494819847E18,6.784317,-8.640335,-0.40545654,0.49467468,-2.9042664,-0.47956848,-46.97399,39.941406,10.141563
1.4616854948399885E18,7.839981,-8.498795,-2.3148499,1.0458221,-3.3336487,-0.3610077,-46.88778,39.684868,10.476685
1.4616854948601303E18,8.239731,-9.312698,-3.7481842,0.7125702,-3.002533,-0.49238586,-46.370888,39.42814,11.314583
1.461685494880272E18,8.622925,-10.575516,-4.5923004,0.13365173,-3.3763733,-0.4592743,-45.94021,38.658142,12.320137
1.4616854949004134E18,9.805969,-10.051712,-5.545639,-0.19212341,-4.2853394,-0.6996002,-45.251083,38.059235,13.744545
1.461685494920555E18,8.921524,-9.913513,-6.5299683,-0.22096252,-3.6102905,-0.8822479,-44.64817,37.460327,15.168953
1.4616854949406966E18,6.5047607,-10.225342,-6.642456,-0.20921326,-1.649231,-0.47956848,-44.13128,36.51924,16.928482
1.4616854949608381E18,1.9954376,-9.931,-4.641098,-0.37049866,0.8597717,0.6131134,-43.442154,35.749245,18.604279
1.4616854949809797E18,1.5558777,-8.783264,-3.2404175,-0.7293854,2.6723633,1.036087,-42.667007,35.064697,19.693375
1.4616854950011213E18,1.9008636,-7.0881195,-1.1882477,-0.71977234,3.2640991,0.82566833,-41.978073,34.38015,20.279884
1.461685495021263E18,2.5599213,-6.9866333,-0.65960693,-0.50294495,3.5984192,0.50416565,-41.547394,34.03797,19.944572
1.4616854950414047E18,2.8724518,-8.165573,-0.4345398,-0.39079285,4.0577087,0.4721222,-41.288948,33.781433,19.441795
1.4616854950665815E18,3.3376007,-10.627502,0.2943573,-0.08317566,4.410187,0.69322205,-41.288948,33.524895,18.184853
1.4616854950816878E18,3.9682312,-11.62355,1.461029,0.3835907,4.487091,0.86091614,-41.288948,33.268166,16.090012
1.4616854951018294E18,5.2730713,-11.693878,3.50029,1.3203278,3.9936218,0.70176697,-41.202927,33.524704,13.241196
1.461685495121971E18,4.831909,-9.982452,3.3934631,2.1342316,2.939392,0.27986145,-41.116905,33.610153,9.973526
1.4616854951421125E18,3.1397705,-7.334793,2.0024261,2.3446503,2.0325623,0.2627716,-40.94448,33.695793,6.7058563
1.4616854951622543E18,2.4444275,-5.7146606,0.74494934,1.7262115,0.9227905,0.38560486,-40.686035,33.695793,3.6056519
1.461685495182396E18,2.202362,-4.665924,1.0537109,0.9785309,-0.18484497,0.5201874,-40.255356,33.439064,1.0082245
1.4616854952025375E18,2.2501678,-4.631836,1.1257324,0.36009216,-0.23718262,0.5842743,-39.56642,33.439064,-1.5892029
1.461685495222679E18,2.779602,-5.168869,1.5518188,-0.06715393,-0.14852905,0.5436859,-38.791275,33.182335,-3.6838531
1.4616854952428206E18,3.451233,-5.672043,1.7256012,-0.41108704,-0.3204956,0.3952179,-38.10234,33.267975,-5.108261
1.4616854952629622E18,3.9851227,-5.805588,1.9924622,-0.53071594,-0.27349854,0.21150208,-37.413216,33.267975,-5.694771
1.4616854952831037E18,4.3165894,-6.019409,2.1186981,-0.5264435,-0.1453247,0.119644165,-36.810303,33.096886,-5.9461594
1.4616854953032453E18,4.734085,-6.4238586,2.3401642,-0.42604065,-0.16668701,0.0309906,-36.379814,32.925797,-6.029892
1.4616854953233871E18,5.083664,-6.9756927,2.7746887,-0.21348572,-0.41235352,-0.011734009,-35.69069,32.840347,-5.9461594
1.4616854953435287E18,5.84346,-7.8945465,3.0427551,0.02470398,-0.685791,-0.0320282,-35.518456,32.66926,-5.862236
1.4616854953636703E18,6.4942474,-8.583649,3.1228027,0.23405457,-0.8759155,0.011764526,-35.001564,32.32708,-5.694771
1.4616854953838118E18,6.893387,-8.876053,2.9722748,0.41990662,-1.038269,0.117507935,-34.656906,32.41272,-5.611038
1.4616854954039534E18,7.437027,-9.332687,2.8545837,0.5641022,-1.242279,0.2830658,-34.484673,32.41272,-5.527115
1.461685495424095E18,8.219391,-9.925171,2.6630096,0.7061615,-1.4334717,0.3749237,-34.226227,32.15618,-5.7785034
1.4616854954442365E18,8.971466,-10.376663,2.3588562,0.8108368,-1.5338745,0.31617737,-34.226227,31.985092,-5.9461594
1.4616854954643784E18,9.98967,-9.700333,0.11643982,0.48292542,-1.9141235,-0.010665894,-34.31225,31.899452,-5.9461594
1.46168549548452E18,10.159637,-8.883301,-2.8987274,-0.8436737,-2.9598083,-0.47850037,-34.484673,31.813812,-5.4433823
1.4616854955046615E18,8.927353,-9.801163,-0.66741943,-1.421524,-2.0711365,-0.47956848,-34.656906,31.813812,-4.940796
1.461685495524803E18,9.087448,-10.489517,-1.4536438,-1.1918793,0.1986084,-0.4186859,-35.087585,31.557083,-4.1866302
1.4616854955449446E18,5.610138,-8.94751,0.49543762,-0.5424652,1.7569885,-0.2499237,-35.604477,31.300354,-3.7675858
1.4616854955650862E18,4.3004456,-8.053497,-0.35469055,-0.37904358,1.5615234,-0.05873108,-35.6905,30.872536,-3.516388
1.4616854955852278E18,3.4404602,-6.6087036,0.8501587,-0.23271179,0.50302124,-0.17835999,-35.862923,30.615807,-3.2649994
1.4616854956053693E18,3.3982391,-7.143936,0.86273193,0.12724304,0.20822144,-0.22428894,-36.035156,30.530357,-3.0973434
1.4616854956255112E18,3.4329681,-8.735718,1.0125427,0.44874573,0.9121094,-0.043777466,-36.035156,30.10273,-3.0973434
1.4616854956456527E18,3.4572906,-10.652893,1.8824158,0.7713165,1.743103,0.26811218,-36.035156,30.01728,-3.9352417
1.4616854956657943E18,3.0694733,-11.929245,1.6126404,0.7488861,1.5038452,0.46784973,-35.69069,29.760742,-4.5217514
1.461685495685936E18,2.9393463,-11.105362,1.1472473,0.3002777,0.13986206,0.49775696,-35.518456,29.931831,-5.5273056
1.4616854957060774E18,4.290619,-8.997665,0.07662964,-0.23698425,-0.6430664,-0.033096313,-35.17399,29.931831,-6.1977386
1.461685495726219E18,3.897644,-6.9979706,-0.33013916,-0.6877289,-0.107940674,-0.50413513,-35.17399,29.931831,-6.700325
1.4616854957463606E18,3.4819489,-5.4122925,-1.0902405,-1.4247284,0.23706055,-0.85661316,-35.26001,29.846382,-7.035446
1.4616854957665021E18,2.364151,-4.415085,-1.2807465,-2.2439728,0.46029663,-0.91963196,-35.34603,29.846382,-7.2868347
1.461685495786644E18,1.5251312,-3.7373505,-0.21652222,-2.81221,0.5831299,-0.6365814,-35.6905,30.017471,-7.1193695
1.4616854958067855E18,1.9044342,-3.9878845,0.4125824,-2.8090057,0.6408081,-0.25953674,-36.120987,30.017471,-6.53286
1.461685495826927E18,2.5104218,-5.1672974,0.660202,-2.4832306,0.60128784,-0.09931946,-36.551666,30.18856,-5.8624268
1.4616854958470687E18,3.0271301,-6.4088135,1.1094208,-1.7248688,0.40475464,0.021377563,-36.896133,30.2742,-5.0245285
1.4616854958672102E18,3.6459045,-7.439499,2.115448,0.052474976,-1.0510864,0.48173523,-37.412834,30.2742,-3.9352417
1.4616854958873518E18,5.821472,-8.110825,-1.5664825,1.193222,-0.6654968,0.4998932,-37.67128,30.53093,-3.2649994
1.4616854959074934E18,5.73645,-8.51915,-1.9349823,1.229538,-0.09512329,0.12605286,-37.843513,30.873108,-2.4271011
1.4616854959276352E18,6.0461884,-8.7682495,-1.8270111,1.08107,-0.7263794,-0.1516571,-38.015747,31.129646,-1.7568588
1.4616854959477768E18,6.470459,-8.610153,-2.0954285,0.8738556,-1.4516296,-0.41441345,-37.929726,31.642914,-1.3378143
1.4616854959679183E18,7.2826233,-8.877243,-2.6888275,0.5010834,-2.066864,-0.5789032,-38.015938,32.07054,-0.7513046
1.46168549598806E18,7.9431,-9.785843,-3.2498627,0.043930054,-2.3990479,-0.5714264,-38.015938,32.58381,-0.41618347
1.4616854960031662E18,8.246506,-10.296555,-3.4214172,-0.23912048,-2.465271,-0.42082214,-38.360596,33.011436,0.08659363
1.461685496028343E18,9.988403,-9.172928,-4.0250244,-0.34913635,-3.1937256,-0.6493988,-38.446808,33.439255,0.8407593
1.4616854960484846E18,9.910675,-6.8173676,-4.135956,1.373291E-4,-3.66156,-1.1962738,-38.96351,33.524704,2.097702
1.4616854960686262E18,8.146042,-6.838318,-5.150894,0.37504578,-2.8027954,-1.383194,-39.308167,33.439064,3.4381866
1.461685496088768E18,4.0298767,-9.911713,-5.1755676,0.38252258,-0.62490845,-0.19972229,-39.738846,33.353615,5.113983
1.4616854961089096E18,2.0139618,-11.440979,-1.4432526,0.5876007,1.4621887,0.9794769,-40.169525,33.695793,6.370735
1.4616854961290511E18,2.1311188,-9.561462,-2.681549,0.10588074,2.9874573,1.4238129,-40.255737,33.952522,7.292557
1.4616854961491927E18,2.9723358,-7.6387024,-1.7930298,-0.5915985,3.5001526,1.1161957,-40.514183,34.20906,7.8790665
1.4616854961693343E18,2.742981,-7.5887756,-0.42642212,-0.64393616,4.0075073,0.6077728,-40.686417,34.55124,8.130455
1.4616854961894758E18,3.879364,-9.878387,0.17242432,-0.28504944,3.7191162,0.28840637,-40.94467,35.064507,7.7114105
1.4616854962096174E18,3.8469696,-11.430603,0.5543976,0.15074158,3.3997498,0.25743103,-41.030884,35.920143,6.8735123
1.461685496229759E18,4.071396,-10.948135,2.3915253,0.91444397,3.2673035,0.39308167,-41.116905,36.94687,5.5330276
1.4616854962499008E18,4.406296,-9.488739,3.563446,1.813797,2.6766357,0.2617035,-41.116905,37.802315,3.7734985
1.4616854962700424E18,3.2952728,-7.091858,2.3202515,2.2196808,2.0079956,0.25422668,-41.202927,38.315582,1.7625809
1.461685496290184E18,3.1460266,-5.709915,1.312088,1.9772186,0.7593689,0.3824005,-41.37516,38.57231,-0.24852753
1.4616854963103255E18,2.719635,-4.8745117,1.1979218,1.397232,-0.25854492,0.49562073,-41.46118,39.00013,-2.09198
1.461685496330467E18,2.455307,-4.4756927,1.4636688,0.9635773,-0.65802,0.64515686,-41.46118,39.25686,-3.6001205
1.4616854963506086E18,2.6175842,-4.437439,1.3281708,0.5598297,-0.7327881,0.7444916,-41.46118,39.855766,-4.940605
1.4616854963707502E18,3.3594208,-5.09729,1.5206299,0.16035461,-0.84814453,0.646225,-41.37497,40.197945,-6.197548
1.461685496390892E18,4.0798645,-5.9190063,1.8894958,-0.025497437,-0.76589966,0.46250916,-41.202736,40.625572,-6.9517136
1.4616854964110336E18,4.547714,-6.7240143,2.1537933,-0.06929016,-0.54159546,0.3749237,-40.85827,41.05339,-7.621956
1.4616854964311752E18,5.382782,-7.4920044,2.1657104,-0.06929016,-0.4529419,0.24888611,-40.600014,41.652298,-7.621956
1.4616854964513167E18,5.9597626,-7.8446503,2.4331055,-0.019088745,-0.5853882,0.08866882,-40.341568,42.422104,-7.2029114
1.4616854964714583E18,6.338913,-8.065918,2.4313202,0.05567932,-0.7755127,0.023513794,-40.341568,42.93537,-6.7001343
1.4616854964916E18,6.7141266,-8.257507,2.3756409,0.15394592,-0.82144165,0.034194946,-40.169334,43.44864,-6.2812805
1.4616854965117414E18,7.1747437,-8.574448,2.3251343,0.30134583,-0.74560547,0.074783325,-39.9971,43.790817,-6.1138153
1.461685496531883E18,7.8195953,-9.349091,2.1437988,0.4252472,-0.6505432,0.119644165,-39.738846,44.132996,-5.5273056
1.4616854965520248E18,8.455444,-10.194168,2.0187073,0.43806458,-0.713562,0.12498474,-39.738846,44.475174,-5.1921844
1.4616854965721664E18,9.562729,-9.735687,-0.44302368,-0.1280365,-1.6908875,-0.064071655,-39.91108,44.9028,-4.6056747
1.461685496592308E18,9.353485,-8.423782,-1.421051,-1.1651764,-2.6756897,-0.42295837,-39.9971,45.07389,-3.6001205
1.4616854966124495E18,8.498291,-8.314087,-1.0429993,-1.4610443,-2.093567,-0.37916565,-40.341568,45.33062,-2.6784897
1.461685496632591E18,8.533264,-9.356873,-1.7110596,-1.3542328,-0.55548096,-0.39945984,-40.5138,45.33062,-1.6729355
1.4616854966527327E18,6.2399597,-9.430054,0.2111969,-0.60121155,1.3372192,-0.35887146,-40.85827,45.41626,-0.91876984
1.4616854966728742E18,4.983429,-9.718597,-0.44166565,-0.40681458,1.3639221,-0.2766266,-41.116714,45.24517,0.3381729
1.4616854966930158E18,4.5396576,-8.171295,0.9172058,-0.32884216,1.1791382,-0.30973816,-41.633415,45.15953,1.0923386
1.4616854967131576E18,4.1573944,-8.223953,1.4545441,0.0022735596,1.2389526,-0.21253967,-42.064095,44.646263,1.7627716
1.4616854967332992E18,3.8109589,-9.697342,1.2463379,0.16035461,1.8274841,0.14527893,-42.408752,44.389725,2.1816254
1.4616854967534408E18,3.9567566,-11.238327,2.033615,0.31202698,2.5335083,0.46998596,-42.494965,43.961906,1.8463135
1.4616854967735823E18,3.4752655,-12.108627,2.0034637,0.26075745,1.8349609,0.57466125,-42.494965,43.619728,1.2598038
1.461685496793724E18,4.116699,-10.786118,1.3826752,-0.025497437,-0.026763916,0.37171936,-42.581177,43.44864,0.42190552
1.4616854968138655E18,4.798523,-8.55513,0.26867676,-0.40681458,-0.7552185,-0.2424469,-42.581177,43.27755,0.08678436
1.461685496834007E18,4.1690674,-6.781128,-0.99339294,-1.0647736,-0.4604187,-0.6963959,-42.75341,43.10646,-0.49972534
1.4616854968541489E18,3.2080994,-4.6470184,-1.3496704,-1.8359528,0.013824463,-0.9783783,-42.839622,42.678833,-0.91876984
1.4616854968742904E18,2.1830444,-3.461319,-0.88731384,-2.42128,0.33425903,-0.9719696,-43.011856,42.422295,-0.83503723
1.461685496894432E18,1.8766632,-3.13266,0.21073914,-2.4810944,0.51156616,-0.7700958,-43.097878,41.823387,-0.41599274
1.4616854969145736E18,2.08815,-3.905014,1.0185242,-2.0388947,0.32678223,-0.36634827,-43.528557,41.39576,0.3381729
1.4616854969347151E18,3.0707092,-5.497986,0.7360382,-1.38414,0.19647217,0.010696411,-43.873215,40.711403,1.4274597
1.4616854969548567E18,3.517685,-6.998749,0.5939026,-0.68666077,0.17938232,0.34928894,-44.13166,40.198135,2.4328232
1.4616854969749983E18,3.9953613,-8.031326,0.91944885,0.3002777,-0.24893188,0.6077728,-44.476128,39.855957,3.2707214
1.4616854969951398E18,4.8439484,-8.137802,0.11230469,1.1761322,-0.6847229,0.47639465,-44.56234,39.599228,4.1086197
1.4616854970152817E18,5.4342957,-8.394592,-0.94914246,1.4217987,-0.91970825,0.056625366,-44.56234,39.513588,5.114174
1.4616854970354232E18,5.9735413,-8.506561,-1.825119,1.1227264,-1.6235962,-0.33216858,-44.390106,39.513588,5.7006836
1.4616854970555648E18,6.7135315,-8.5963745,-2.4342957,0.63139343,-2.4300232,-0.55540466,-44.47632,39.513588,6.2871933
1.4616854970757064E18,8.205185,-9.127121,-3.03508,0.20307922,-3.067688,-0.7198944,-44.648552,39.25686,6.9574356
1.461685497095848E18,8.443161,-9.711151,-3.4365234,-0.1632843,-3.021759,-0.63871765,-44.820786,39.17122,7.627678
1.4616854971159895E18,8.857117,-9.083694,-3.0737915,-0.31282043,-2.6190796,-0.5436554,-44.906807,39.17122,8.633232
1.461685497136131E18,9.581482,-7.7370453,-3.1707,-0.141922,-2.946991,-0.79893494,-44.734573,38.91449,9.722328
1.461685497156273E18,8.045624,-9.3267975,-4.527939,-0.019088745,-2.827362,-0.7134857,-44.64836,38.48667,11.146736
1.4616854971764145E18,4.7828827,-11.883209,-4.8220367,-0.20173645,-1.2465515,0.34822083,-44.476128,37.887764,12.571144
1.461685497196556E18,1.6607513,-10.525558,-3.641098,-0.35447693,1.0360107,1.2967072,-44.476128,37.545395,13.995552
1.4616854972166976E18,2.7619781,-7.740082,-3.2739716,-0.6460724,1.80719,0.93888855,-44.13147,37.288666,14.917183
1.4616854972368392E18,3.234665,-7.80217,-2.1176453,-0.7037506,2.409607,0.6334076,-43.873024,37.288666,15.503693
1.4616854972569807E18,4.00383,-9.101685,-1.3021545,-0.2476654,3.521515,0.58106995,-43.356133,37.117577,15.755081
1.4616854972771223E18,4.3999176,-10.377258,-0.22827148,0.25221252,4.2980347,0.63768005,-42.925453,36.946487,15.252304
1.461685497297264E18,4.9023285,-11.340805,0.8615265,0.7552948,4.429413,0.72206116,-42.925453,37.117577,14.330673
1.4616854973174057E18,5.718628,-10.980408,1.9861755,1.3940277,3.6571655,0.5201874,-42.667007,37.374306,12.403488
1.4616854973375473E18,4.726639,-8.759781,2.698059,1.8308868,2.2664795,0.15809631,-42.494583,37.716675,10.057449
1.4616854973576888E18,2.9519196,-6.5925293,1.6625824,1.8949738,1.2827454,0.28840637,-42.494583,37.887955,7.627487
1.4616854973778304E18,2.2286377,-5.2015533,1.2108307,1.591629,0.34066772,0.535141,-42.40856,38.144684,5.197525
1.461685497397972E18,1.8253174,-4.661133,0.70736694,1.1269989,-0.52130127,0.7541046,-42.064095,38.401413,2.8514862
1.4616854974181135E18,2.5378418,-4.4258423,0.93296814,0.6655731,-1.0948792,0.7039032,-41.80584,38.74359,0.58918
1.461685497438255E18,2.5439453,-4.537552,1.1242218,0.432724,-0.7829895,0.57359314,-41.633606,39.08577,-1.1703491
1.4616854974583967E18,2.91362,-5.273163,0.95744324,0.119766235,-0.4529419,0.48280334,-41.202927,39.25686,-2.4271011
1.4616854974785385E18,3.496643,-6.157669,1.3544464,-0.14299011,-0.071624756,0.30336,-40.94467,39.599037,-3.0975342
1.46168549749868E18,4.246002,-6.77919,1.7261963,-0.2540741,0.08218384,0.08439636,-40.686417,39.941216,-3.432846
1.4616854975188216E18,4.884659,-7.1371307,1.8681641,-0.3096161,-0.16775513,-0.106796265,-40.34195,40.283394,-3.6003113
1.4616854975389632E18,5.31015,-7.4651947,1.8898468,-0.32243347,-0.4176941,-0.1302948,-40.255737,40.540123,-3.516388
1.4616854975591048E18,5.633621,-7.8485107,1.9732971,-0.21028137,-0.6419983,-0.023483276,-40.42797,40.540123,-3.348732
1.4616854975792463E18,5.8474884,-8.597061,2.1617584,-0.024429321,-0.7327881,0.16023254,-40.600204,40.96794,-3.181076
1.461685497599388E18,6.715988,-9.649384,2.1871796,0.21696472,-0.8321228,0.27879333,-40.600204,41.13903,-2.9296875
1.4616854976195297E18,7.729599,-10.780533,2.5145721,0.52778625,-0.98165894,0.25102234,-40.514183,41.31012,-2.845955
1.4616854976396713E18,7.9828033,-11.565659,2.7783966,0.86424255,-1.1525574,0.20295715,-40.42797,41.48121,-2.7620316
1.4616854976598129E18,7.319107,-10.304749,2.1826935,1.100296,-1.297821,0.2702484,-40.513992,41.566658,-2.6781082
1.4616854976799544E18,9.3194275,-8.323608,-1.2373962,0.64741516,-2.0561829,-0.17408752,-40.600014,41.566658,-2.2592545
1.461685497700096E18,9.393585,-7.8258514,-3.4385986,-1.1566315,-3.5932007,-0.93244934,-40.772247,41.652107,-1.6727448
1.4616854977202376E18,7.547516,-9.26326,0.63119507,-1.0060272,-1.9504395,-0.52763367,-40.772247,41.652107,-1.0025024
1.4616854977403791E18,6.987137,-9.981003,-1.7818604,-0.6417999,-0.24038696,-0.33537292,-40.686035,41.481018,-0.16460419
1.4616854977605207E18,4.5109253,-8.950394,-0.42945862,-0.29893494,0.7668457,-0.11854553,-40.85827,41.30993,0.5893707
1.4616854977806625E18,3.40094,-9.388458,-0.12033081,0.10908508,0.13131714,-0.04698181,-41.116524,41.13884,1.0084152
1.461685497800804E18,4.00679,-11.414185,-0.2695465,0.31202698,0.5649719,0.115371704,-41.46099,40.625572,1.3435364
1.4616854978209457E18,3.3943481,-12.497787,-0.53208923,0.20628357,1.3158569,0.44328308,-41.89167,40.454483,1.7623901
1.4616854978410872E18,3.879074,-11.999908,0.18371582,-0.14726257,0.7476196,0.52552795,-42.23633,40.283394,1.6786575
1.4616854978612288E18,4.4051056,-9.884048,0.109313965,-0.3096161,0.25949097,0.09828186,-42.32254,40.026855,1.3435364
1.4616854978813704E18,5.2515106,-8.221664,-0.5202637,-0.6599579,0.30648804,-0.6002655,-42.064095,39.855766,1.0084152
1.461685497901512E18,3.8790283,-6.5883026,-0.8262329,-1.0540924,0.72198486,-0.97624207,-42.32254,39.684677,0.5056381
1.4616854979216535E18,2.9456635,-5.405899,-1.570221,-1.625534,1.261383,-1.0488739,-42.494965,39.3425,0.0030517578
1.4616854979417953E18,1.9519501,-3.7227936,-1.7077637,-2.255722,1.4771423,-1.0862579,-42.925644,38.91468,-0.08087158
1.461685497961937E18,0.76516724,-2.6246643,-1.2258148,-2.6295624,1.6886292,-0.87690735,-43.2703,38.486862,-0.08087158
1.4616854979820785E18,0.7668152,-2.9083405,0.7884674,-2.1969757,0.79248047,-0.36314392,-43.356514,37.973595,0.0030517578
1.46168549800222E18,2.0251465,-4.109741,0.26522827,-0.8639679,-0.7274475,0.6707916,-43.528748,37.631226,0.2544403
1.4616854980223616E18,3.2257996,-5.9604645,-2.2937012,-0.74861145,-0.012878418,0.87586975,-43.70098,37.288857,0.58956146
1.4616854980425032E18,3.3187714,-7.604782,-0.43778992,-0.42390442,1.0061035,0.93247986,-44.04564,37.203217,0.84095
1.4616854980626447E18,4.193619,-8.666672,0.073532104,0.32164,0.9291992,0.8075104,-44.217873,37.032127,0.7572174
1.4616854980827866E18,5.395401,-9.036606,0.47257996,0.8952179,0.23812866,0.3877411,-44.303894,37.117767,0.67329407
1.461685498102928E18,6.6051636,-9.311218,-0.058059692,1.201767,-1.0040894,-0.36528015,-44.13166,37.374496,0.58956146
1.4616854981230697E18,6.8163757,-9.115631,-1.6948242,0.8450165,-1.9536438,-0.8651581,-44.21768,37.631226,0.58956146
1.4616854981432113E18,7.713791,-9.033127,-2.666748,0.119766235,-2.512268,-1.0349884,-44.389915,37.973404,0.67329407
1.4616854981633528E18,8.599564,-9.269424,-3.321457,-0.3106842,-3.0292358,-0.9078827,-44.64817,38.059044,0.9246826
1.4616854981834944E18,8.698196,-9.367798,-3.7918396,-0.46235657,-3.0068054,-0.60453796,-44.992638,38.144684,1.3435364
1.461685498203636E18,9.212555,-8.235214,-3.6581879,-0.17289734,-2.6820984,-0.61842346,-45.423126,38.315773,1.9300461
1.4616854982237775E18,9.044678,-6.6480713,-4.133133,0.36116028,-2.7461853,-0.873703,-45.940018,38.230133,3.186798
1.4616854982439194E18,8.065094,-7.8599854,-6.5814667,0.43165588,-2.2463074,-0.84913635,-46.11225,37.973404,4.611206
1.461685498264061E18,4.5908966,-11.495697,-4.8755646,0.3910675,-0.112213135,0.23286438,-46.54293,37.631226,5.7842255
1.4616854982842025E18,1.9960632,-10.683945,-2.6139832,0.20948792,1.4194641,1.1877594,-46.629143,37.802315,6.6221237
1.461685498304344E18,2.3135986,-8.223801,-2.930313,-0.23164368,2.3957214,1.4868317,-46.715164,37.545586,6.957245
1.4616854983244856E18,2.3844147,-7.5563507,-1.6953125,-0.4922638,2.474762,1.165329,-46.45691,37.716675,6.789589
1.4616854983446272E18,3.1208954,-9.590897,-1.8305359,-0.10987854,3.0333862,0.7615814,-46.284676,38.058853,6.5382004
1.4616854983647688E18,4.0415497,-12.007187,-2.0361176,-0.2337799,3.6454163,0.49028015,-46.112442,38.315582,5.7840347
1.4616854983849106E18,4.4227753,-12.44783,0.532135,-0.02015686,3.7607727,0.3824005,-45.59555,38.57231,4.191971
1.4616854984050522E18,4.6309967,-10.533936,2.9710236,0.77986145,3.060089,0.16023254,-45.59555,39.08558,1.9296646
1.4616854984251937E18,3.7763214,-7.5660095,2.0475464,1.2840118,1.9855652,0.03312683,-45.16487,39.513397,-0.3326416
1.4616854984453353E18,2.6178436,-5.65213,0.8399811,1.239151,1.0968933,0.19120789,-44.906425,39.770126,-2.5949478
1.4616854984654769E18,2.2687225,-4.7442627,0.3907318,0.9956207,0.269104,0.3877411,-44.389725,40.197945,-4.7735214
1.4616854984856184E18,2.5509949,-4.4252167,0.40898132,0.664505,-0.5010071,0.49882507,-44.045067,40.454674,-6.784439
1.46168549850576E18,2.9757843,-4.5260773,0.8977814,0.63993835,-0.5725708,0.46037292,-43.78681,40.796852,-8.795357
1.4616854985259016E18,3.154129,-5.147888,0.6322174,0.460495,-0.3909912,0.50523376,-43.27011,40.96794,-10.471153
1.4616854985460434E18,3.5594788,-5.8021393,0.68969727,0.18492126,-0.38031006,0.5127106,-42.83943,41.566658,-11.727905
1.461685498566185E18,4.04245,-6.415924,0.7812958,0.009750366,-0.30340576,0.42085266,-42.408752,41.737747,-12.48188
1.4616854985863265E18,4.706299,-7.1694946,0.8572235,-0.082107544,-0.33117676,0.2552948,-42.32273,42.251015,-13.236046
1.461685498606468E18,5.179825,-7.827057,0.91960144,-0.086380005,-0.35253906,0.10682678,-42.150497,42.678642,-13.571167
1.4616854986266097E18,5.614029,-8.353912,0.9962311,-0.050064087,-0.49032593,-0.010665894,-42.23671,43.27755,-13.738632
1.4616854986467512E18,5.5924835,-8.635117,1.0169983,0.011886597,-0.63238525,0.009628296,-42.495155,43.619728,-13.6549
1.4616854986668928E18,6.087036,-9.013748,1.0480804,0.13258362,-0.8171692,0.11643982,-42.408943,43.790817,-13.738632
1.4616854986870344E18,6.90683,-9.6284485,1.0590668,0.30455017,-1.0019531,0.11430359,-42.839622,44.047356,-13.906097
1.4616854987071762E18,7.5142365,-10.295868,1.2261353,0.5587616,-1.1343994,0.06410217,-43.356514,44.047356,-13.822365
1.4616854987273178E18,7.9079285,-10.379898,1.5347595,0.8546295,-1.21344,0.034194946,-43.61496,44.132996,-13.822365
1.4616854987474593E18,7.6330566,-9.204727,0.57699585,1.0052338,-1.4302673,0.010696411,-43.959427,43.961906,-13.570976
1.461685498767601E18,9.567871,-8.364777,-3.4209747,0.16249084,-2.3616638,-0.410141,-44.13166,43.790817,-13.235855
1.4616854987877425E18,8.850128,-9.205215,-2.5107117,-0.8361969,-2.3990479,-0.6205597,-44.64836,43.44864,-12.565613
1.461685498807884E18,8.118408,-10.537048,-1.3311157,-0.48265076,-0.1656189,-0.3962555,-45.251274,43.10646,-12.314224
1.4616854988280256E18,5.063629,-10.3289795,-0.5560303,-0.3235016,0.89501953,1.5258789E-5,-45.9404,42.593193,-11.811447
1.4616854988481674E18,3.890808,-9.341064,-0.11494446,-0.07035828,0.74868774,0.04273987,-46.37108,42.165565,-11.30867
1.461685498868309E18,3.4915924,-10.566895,-0.28692627,0.11869812,0.11315918,0.09187317,-46.715546,41.737938,-10.973358
1.4616854988884506E18,3.6122742,-11.686249,-0.3678894,0.22871399,0.85443115,0.17945862,-47.31846,41.48121,-10.638237
1.461685498908592E18,2.4222565,-12.380707,-0.4614563,0.10374451,1.0253296,0.4507599,-47.40448,41.48121,-10.470581
1.4616854989287337E18,3.0682068,-10.912735,-0.3434906,-0.24125671,0.45922852,0.46357727,-47.748947,41.13903,-10.470581
1.46168549894384E18,3.770813,-9.294235,-0.56936646,-0.4709015,0.42077637,0.0021514893,-47.576714,41.05339,-10.72197
1.4616854989690168E18,4.216202,-7.228607,-1.0284576,-0.9333954,0.7091675,-0.77116394,-47.40448,40.96775,-10.973358
1.4616854989891584E18,3.5210114,-6.671829,-1.747406,-1.4482269,1.2442932,-1.1204376,-47.40448,40.711212,-11.141014
1.4616854990093002E18,2.3934937,-4.929199,-1.9198761,-2.1510468,1.6117249,-1.1321869,-47.40448,40.540123,-11.141014
1.4616854990294418E18,1.1578522,-3.3430328,-0.8089447,-2.450119,1.492096,-0.9281769,-47.576714,40.112305,-11.141014
1.4616854990495834E18,0.88375854,-2.8390503,0.3756714,-1.8039093,0.24560547,-0.29371643,-47.83516,39.855766,-10.805893
1.461685499069725E18,1.3638763,-3.1846008,-1.0047607,-1.1299286,-0.602478,0.42512512,-48.35205,39.3425,-10.303116
1.4616854990898665E18,2.4379883,-4.5502167,-1.8552094,-0.8981476,0.1569519,0.7177887,-48.69671,39.25705,-9.800339
1.461685499110008E18,3.124176,-6.5840607,-1.076416,-0.48371887,0.79782104,0.81178284,-49.127388,38.91487,-9.54895
1.4616854991301496E18,3.7062836,-8.039581,-0.70526123,0.038589478,0.8907471,0.7861481,-49.127388,38.91487,-8.9624405
1.4616854991502912E18,4.8081665,-8.443741,-0.15013123,0.66130066,0.55322266,0.4593048,-49.127388,39.17141,-8.878517
1.461685499170433E18,6.5151825,-8.958054,-0.37469482,1.1825409,-0.2638855,-0.12068176,-49.29962,39.17141,-8.794785
1.4616854991905746E18,7.653549,-9.551361,-1.5809174,0.9924164,-1.3757935,-0.8587494,-49.471855,39.42814,-8.711052
1.4616854992107162E18,7.260147,-9.152267,-2.7506256,0.21055603,-2.23349,-1.1161652,-49.558067,39.513588,-8.627319
1.4616854992308577E18,7.9192657,-8.576279,-2.710556,-0.31602478,-2.7280273,-1.1012115,-49.64428,39.427948,-8.292198
1.4616854992509993E18,8.184677,-8.429932,-3.1852112,-0.4922638,-2.9459229,-0.91856384,-50.247192,39.17122,-7.621956
1.4616854992711409E18,8.474686,-8.230774,-3.1762543,-0.22843933,-2.5849,-0.68678284,-50.763893,38.91449,-6.532669
1.4616854992912824E18,8.645523,-8.388626,-4.256119,0.15287781,-2.2933044,-0.52763367,-51.711273,38.315582,-5.024338
1.4616854993114243E18,7.553894,-10.901352,-6.526581,-0.07997131,-2.1811523,-0.1869049,-52.48642,37.631226,-3.0973434
1.4616854993315658E18,4.5285797,-12.704636,-5.253113,-0.2124176,-0.41448975,0.48387146,-52.9171,36.94668,-1.2540817
1.4616854993517074E18,2.6792145,-9.702713,-4.1279144,-0.45487976,0.78393555,0.9922943,-53.34778,36.43322,0.5054474
1.461685499371849E18,3.445572,-7.088852,-3.5805206,-0.58091736,1.7142639,0.63020325,-53.34778,35.919952,2.0975113
1.4616854993919905E18,3.1442413,-8.344772,-1.663971,-0.3170929,3.0173645,0.49668884,-53.4338,35.748863,2.6002884
1.461685499412132E18,3.4745789,-10.295624,-0.8791809,0.25541687,4.080139,0.69215393,-53.175354,35.577774,2.6002884
1.4616854994322737E18,4.442093,-11.809372,-0.27845764,0.6762543,4.049164,0.93782043,-52.830887,35.492325,1.8461227
1.4616854994524152E18,5.2461243,-12.000565,0.6897125,0.886673,3.272644,0.8032379,-52.227974,35.577965,0.33779144
1.461685499472557E18,4.983429,-9.66008,1.513504,1.0522308,1.9695435,0.31510925,-51.452827,35.749054,-1.6731262
1.4616854994926986E18,3.565628,-6.8041077,1.0377197,1.0095062,0.9751282,0.048080444,-50.849915,35.920143,-3.684044
1.4616854995128402E18,2.502304,-5.244873,0.6603699,0.8888092,0.5863342,0.09828186,-50.247,36.091232,-5.94635
1.4616854995329818E18,1.8021393,-5.037857,-0.055892944,0.43486023,0.13238525,0.3535614,-49.816322,36.17668,-8.124924
1.4616854995531233E18,2.6581268,-4.6643677,0.7655945,0.0962677,-0.4529419,0.396286,-49.127197,36.17668,-9.716988
1.461685499573265E18,2.85997,-4.7109985,0.7877197,0.08772278,-0.31515503,0.2841339,-48.696518,36.09104,-10.97374
1.4616854995934065E18,2.8777924,-5.1520844,0.40722656,-0.09492493,-0.17736816,0.26063538,-48.35205,36.26213,-11.727715
1.4616854996135483E18,3.234497,-5.9345703,0.57536316,-0.21669006,0.14520264,0.24995422,-48.007584,36.34758,-11.978912
1.4616854996336899E18,3.483139,-6.7022705,0.7663269,-0.22203064,0.2904663,0.18052673,-47.92137,36.43303,-12.146378
1.4616854996538314E18,3.791687,-7.2223206,0.99575806,-0.18144226,0.14093018,0.12284851,-47.748947,36.7754,-12.23011
1.461685499673973E18,4.1029816,-7.697525,1.0453644,-0.029769897,-0.3621521,0.09614563,-47.40448,36.7754,-12.062454
1.4616854996941146E18,4.727356,-8.249725,1.0728607,0.17424011,-0.75201416,0.11109924,-47.40448,36.86104,-11.811066
1.461685499714256E18,5.1493073,-8.989838,1.061142,0.4188385,-0.9378662,0.17518616,-47.490692,37.032127,-11.308289
1.4616854997343977E18,5.7629547,-9.766678,1.0360565,0.63993835,-1.056427,0.21791077,-47.490692,37.288857,-11.224556
1.4616854997545393E18,6.4825134,-10.526947,1.2775269,0.868515,-1.3277283,0.22325134,-47.576714,37.117767,-10.889435
1.461685499774681E18,7.127365,-11.12413,1.345993,1.1355438,-1.6225281,0.16984558,-47.83516,37.117767,-10.805702
1.4616854997948227E18,7.2239227,-10.730743,0.9983368,1.3448944,-1.7645874,0.12712097,-47.92137,36.94668,-10.554314
1.4616854998149642E18,6.899994,-9.150864,0.5890808,1.4549103,-1.9269409,0.014968872,-48.35205,36.68995,-9.884071
1.4616854998351058E18,9.888565,-7.64624,-4.475708,0.6847992,-3.317627,-0.5917206,-48.696518,36.6045,-8.9624405
1.4616854998552474E18,9.908737,-7.8673706,-7.018173,-1.2826691,-3.9702454,-1.1909332,-49.127197,36.51886,-7.8731537
1.461685499875389E18,8.610809,-7.2804413,-5.0865173,-0.41856384,0.19647217,-0.68144226,-49.816322,36.17668,-6.783867
1.4616854998955305E18,5.4538727,-11.391388,-0.030227661,0.33018494,1.075531,-0.022415161,-50.247,35.577774,-5.6108475
1.461685499915672E18,5.2556458,-9.83844,1.0685577,0.35368347,1.1759338,0.22538757,-50.59166,35.321045,-4.772949
1.461685499935814E18,3.330185,-7.844635,0.044433594,0.22016907,0.815979,0.26811218,-50.850105,34.807777,-4.102707
1.4616854999559555E18,3.8161469,-8.414078,-0.20594788,0.10160828,1.0050354,0.13993835,-51.366806,34.4656,-3.5161972
1.461685499976097E18,3.6200714,-10.960571,-0.6963196,-0.30213928,1.3607178,0.121780396,-51.45302,34.03778,-3.5161972
1.4616854999962386E18,3.8597565,-12.311493,0.58143616,-0.4858551,1.3489685,0.1431427,-51.711464,33.524513,-3.8513184
1.4616855000163802E18,3.9162598,-11.427765,0.29022217,-0.8223114,0.7123718,-0.051254272,-51.62525,33.182335,-4.605484
1.4616855000365217E18,4.412979,-9.664688,-1.0447845,-1.309372,0.06295776,-0.46995544,-51.366806,32.840157,-5.611038
1.4616855000566633E18,3.7034912,-7.599594,-2.0237427,-1.9940338,0.2402649,-0.76475525,-51.194572,32.754707,-6.197548
1.461685500076805E18,2.5882416,-5.630707,-0.2639923,-2.0901642,-0.065216064,-0.7829132,-51.452827,32.32708,-6.700325
1.4616855000969467E18,2.2996368,-4.2878723,-0.18400574,-1.2570343,-0.96029663,-0.41227722,-51.62506,31.899452,-6.7840576
1.4616855001170883E18,1.9563446,-3.558899,-2.9918976,-1.3585052,-0.3835144,-0.30973816,-51.53904,31.557274,-6.700325
1.4616855001372298E18,1.5647736,-3.8978882,-1.7074585,-1.3488922,0.37271118,0.03526306,-51.797485,31.215096,-6.2812805
1.4616855001573714E18,2.2700043,-5.152069,-1.0890198,-0.8661041,0.66537476,0.32151794,-52.228165,30.958366,-5.778694
1.461685500177513E18,2.5088959,-6.5934143,-1.4217224,-0.6257782,0.8501587,0.44114685,-52.4004,30.616188,-5.1921844
1.4616855001976545E18,2.44339,-7.5023193,-0.3528595,-0.2401886,0.723053,0.57359314,-52.57263,30.445099,-4.354286
1.461685500217796E18,3.3427277,-8.3281555,0.12812805,0.3130951,0.4239807,0.46678162,-52.658844,30.359459,-3.7677765
1.461685500237938E18,4.3110657,-8.883774,-0.30018616,0.80229187,0.013824463,0.16236877,-52.40059,30.444908,-3.0975342
1.4616855002580795E18,5.085739,-8.812454,-1.7115173,0.831131,-0.73065186,-0.108932495,-52.228355,30.787086,-2.762413
1.461685500278221E18,6.363739,-8.526321,-2.6472778,0.6025543,-1.593689,-0.52549744,-52.40059,30.958176,-2.3435593
1.4616855002983626E18,6.5876617,-8.173599,-3.1829376,0.3846588,-2.2901,-0.7540741,-52.48661,31.214905,-2.008438
1.4616855003185042E18,7.19458,-8.19136,-3.6511536,0.22657776,-2.5325623,-0.8523407,-52.4004,31.214905,-1.2542725
1.4616855003386458E18,7.821533,-8.638901,-4.2437744,0.06956482,-2.49411,-0.8822479,-52.57263,31.043816,-0.08106232
1.4616855003587873E18,8.166565,-8.844391,-4.5283813,-0.0062713623,-2.4503174,-0.80107117,-52.744865,30.701637,1.0919571
1.461685500378929E18,8.707291,-7.5918884,-5.0847626,0.07917786,-2.5902405,-0.87583923,-53.00312,30.18837,2.6000977
1.4616855003990707E18,7.0793304,-6.4063416,-6.2300262,0.37290955,-2.6863708,-0.80747986,-53.175354,29.675102,4.3598175
1.4616855004192123E18,4.9513855,-9.304947,-7.756668,0.15715027,-1.0233154,-0.1441803,-53.43361,29.076195,6.1193466
1.461685500439342E18,2.4883728,-11.393036,-4.417328,-0.2263031,0.23706055,0.44221497,-53.43361,28.220749,8.130264
1.461685500459484E18,1.2876587,-9.986221,-3.6822357,-0.49546814,1.640564,1.0745392,-53.347588,27.536392,9.638405
1.4616855004796255E18,2.3716583,-7.702667,-3.0007172,-0.93873596,2.4160156,0.93782043,-53.51982,27.108765,10.476303
1.461685500499767E18,2.5663605,-7.7450256,-1.0010071,-0.32029724,3.1765137,0.8011017,-53.4338,27.023315,10.39238
1.4616855005199086E18,3.520111,-9.631073,-1.9824524,-0.07676697,4.2029724,0.81285095,-53.34778,27.023315,9.973526
1.4616855005400502E18,4.7753906,-11.791168,-1.0674591,-0.041519165,4.3428955,0.68788147,-53.089523,27.280045,8.633041
1.4616855005601917E18,5.7100677,-13.085388,0.6175995,0.24900818,3.7233887,0.43260193,-52.91729,27.536774,6.7058563
1.4616855005803333E18,5.6062927,-11.775513,1.1477203,0.46903992,2.567688,0.095077515,-52.83127,27.878952,4.3598175
1.461685500600475E18,3.8224335,-8.2934265,0.93037415,0.4113617,1.557251,0.034194946,-52.659035,28.39222,1.7623901
1.4616855006206167E18,2.3034973,-6.1576843,0.89227295,0.30348206,0.8939514,0.30336,-52.40059,28.819847,-0.6673813
1.4616855006407583E18,2.2623749,-5.1185455,0.9477539,0.32591248,0.44854736,0.46678162,-51.88389,29.162025,-2.678299
1.4616855006608998E18,2.484787,-5.1155396,-0.06315613,0.039657593,-0.029968262,0.41444397,-51.711655,29.589653,-4.3540955
1.4616855006810414E18,2.7366943,-5.476883,0.8801117,-0.023361206,-0.11114502,0.38987732,-51.366997,29.846191,-5.7785034
1.461685500701183E18,3.1230774,-5.961899,0.8193054,0.113357544,0.24240112,0.29481506,-51.194572,30.01728,-6.700325
1.4616855007213245E18,3.3710175,-6.476822,0.68569946,0.06529236,0.29473877,0.23606873,-51.280594,30.18837,-7.370758
1.461685500741466E18,3.6965485,-6.8665924,0.77397156,0.06636047,0.22744751,0.20722961,-50.849915,30.27401,-7.538414
1.461685500761608E18,4.072281,-7.1195984,0.74583435,0.068496704,0.015960693,0.17198181,-50.849915,30.616188,-7.873535
1.4616855007817495E18,4.6168976,-7.2487183,0.5936127,0.019363403,-0.24679565,0.13246155,-50.763702,30.958366,-7.873535
1.461685500801891E18,4.992035,-7.4299927,0.548172,-0.014816284,-0.5522766,0.099349976,-50.59147,31.129456,-7.9572678
1.4616855008220326E18,5.4312134,-7.6908264,0.4384308,0.009750366,-0.7979431,0.068374634,-50.419044,31.215096,-7.8733444
1.4616855008421742E18,5.938385,-8.028259,0.44081116,0.09840393,-1.0254517,-0.009597778,-50.505257,31.471825,-7.8733444
1.4616855008623158E18,6.268097,-8.493393,0.5915222,0.2853241,-1.1878052,-0.02027893,-50.67768,31.471825,-7.5380325
1.4616855008824573E18,6.867691,-9.110352,0.994751,0.7082977,-1.4697876,0.010696411,-50.505447,31.557274,-7.2027206
1.461685500902599E18,7.6043854,-9.87587,0.7762909,1.0992279,-1.7442932,0.038467407,-50.67768,31.642723,-6.783676
1.4616855009227407E18,8.021393,-10.19249,0.35697937,1.3662567,-1.9066467,0.03526306,-50.935936,31.557274,-6.0295105
1.4616855009428823E18,7.668701,-9.473846,0.11808777,1.600174,-2.1085205,0.011764526,-51.280594,31.300735,-5.359268
1.461685500963024E18,7.2236176,-7.869858,-1.2234344,1.582016,-2.4780884,-0.1377716,-51.62506,31.300735,-4.52137
1.4616855009831654E18,8.266174,-6.2561493,-7.4913177,0.3269806,-3.6006775,-0.63978577,-52.05574,31.129646,-3.599739
1.461685501003307E18,7.826187,-6.0786896,-9.37883,-0.98786926,-1.0703125,-0.6686249,-52.314186,30.701828,-2.342987
1.4616855010234486E18,6.071884,-8.837616,-0.6847992,-0.27757263,1.8381653,-0.17408752,-52.658653,30.27401,-1.5890121
1.4616855010435901E18,7.1257324,-12.484314,0.74658203,-0.10560608,1.4237366,0.014968872,-53.175354,29.846382,-0.83503723
1.4616855010637317E18,5.790146,-10.621262,0.6928253,-0.08103943,1.6288147,-0.13883972,-53.606033,29.418755,-0.667572
1.4616855010838735E18,3.3118896,-8.689468,-0.28572083,-0.40681458,1.4504395,-0.080093384,-53.52001,28.990936,-0.5838394
1.461685501104015E18,3.3301544,-9.436493,0.42793274,-0.4078827,1.5380249,0.00642395,-53.4338,28.648758,-0.83522797
1.4616855011241567E18,3.447647,-10.882187,1.1878204,-0.2604828,1.9695435,0.0940094,-53.606033,28.13549,-1.505661
1.4616855011442982E18,2.9695892,-11.790024,1.082489,-0.20600891,1.9449768,0.27131653,-53.4338,27.707672,-2.4272919
1.4616855011644398E18,2.028122,-11.665894,0.54151917,-0.5082855,1.0915527,0.3535614,-53.261566,27.622223,-3.684044
1.4616855011845814E18,1.7049713,-10.187317,-0.4970703,-0.94621277,-0.2852478,0.29908752,-52.658653,27.707863,-4.6056747
1.461685501204723E18,3.3362885,-8.062042,-0.67292786,-1.1010895,-0.99768066,-0.2349701,-52.228165,27.964401,-5.611038
1.4616855012248648E18,2.6725464,-6.393814,-1.5761719,-1.4087067,-0.98913574,-0.6632843,-51.883698,27.793312,-5.527115
1.4616855012450063E18,2.378189,-5.251007,-0.60206604,-1.1609039,-1.2529602,-0.6152191,-51.883698,27.707863,-5.6108475
1.461685501265148E18,2.889038,-5.080246,-1.2353058,-0.63645935,-1.436676,-0.37275696,-52.05593,27.365685,-5.2757263
1.4616855012852895E18,3.3768005,-5.6209106,-2.0465546,-0.5488739,-0.94641113,-0.23924255,-51.797676,27.280045,-4.437828
1.461685501305431E18,3.8000488,-6.860733,-1.5914764,-0.3950653,-0.602478,-0.18904114,-51.96991,26.937866,-3.2648087
1.4616855013255726E18,4.0437775,-7.50766,-1.6048431,-0.24125671,-0.42196655,-0.1164093,-52.05593,26.510048,-2.1755219
1.4616855013457142E18,4.213974,-7.55809,-0.957016,0.041793823,-0.20300293,-0.09931946,-52.48661,26.253319,-1.0025024
1.4616855013658557E18,4.1373444,-7.30777,-0.65138245,0.39533997,-0.10900879,-0.090774536,-52.57263,25.568962,0.17051697
1.4616855013859976E18,4.2098083,-7.1121674,-1.0670624,0.59828186,-0.37176514,-0.1025238,-52.830887,25.312233,0.7570267
1.4616855014061391E18,4.3785706,-7.439377,-1.7060547,0.62498474,-0.6847229,-0.13990784,-52.91691,24.970055,1.2598038
1.4616855014262807E18,4.909607,-7.6612396,-2.1277466,0.54273987,-0.96243286,-0.24885559,-52.91691,24.884415,1.7625809
1.4616855014413868E18,5.2615356,-7.5706635,-2.1787415,0.51283264,-1.0606995,-0.39945984,-53.175163,24.798965,2.097702
1.4616855014665638E18,5.4017944,-7.465637,-2.1137848,0.5950775,-1.1247864,-0.53404236,-53.347397,24.542427,2.3490906
1.4616855014867054E18,5.534851,-7.6806793,-2.325119,0.6997528,-1.1536255,-0.5148163,-53.51963,24.371338,2.851677
1.461685501506847E18,5.8699646,-8.005157,-2.7097015,0.6794586,-1.056427,-0.46141052,-53.691864,24.02916,3.354454
1.4616855015269888E18,6.301773,-8.438843,-3.2800598,0.49253845,-1.0169067,-0.4817047,-53.95031,23.430443,3.8572311
1.4616855015471304E18,6.788254,-8.212128,-3.9814453,0.16783142,-1.2518921,-0.51908875,-53.86429,23.002815,4.5274734
1.461685501567272E18,7.356827,-7.508835,-4.3135986,-0.004135132,-1.6855469,-0.63871765,-53.778267,22.403908,5.532837
1.4616855015874135E18,6.938034,-7.280426,-4.4072113,-0.053268433,-1.6780701,-0.6761017,-53.9505,21.805191,6.2870026
1.461685501607555E18,5.122284,-8.363693,-4.5258026,0.15821838,-0.8865967,-0.33110046,-54.122734,20.949745,7.124901
1.4616855016276966E18,4.607239,-10.586945,-4.0565033,0.04927063,-0.47750854,0.18907166,-53.86448,20.607567,8.214188
1.4616855016478382E18,3.165802,-11.796555,-3.4296265,-0.3534088,0.31503296,0.78401184,-54.036713,20.17994,8.968353
1.4616855016679798E18,3.653778,-9.903046,-2.1638336,-0.44847107,0.98794556,0.80003357,-54.036713,19.752312,9.387207
1.4616855016881216E18,3.3877716,-8.181473,-1.1027832,-0.27223206,1.4910278,0.36958313,-53.778267,19.9234,9.638596
1.4616855017082632E18,3.0346985,-7.647293,-1.1551819,-0.24659729,1.6704712,0.3749237,-53.86429,19.752312,9.554863
1.4616855017284047E18,3.232071,-7.923294,-1.068985,-0.42604065,1.8242798,0.35142517,-54.036522,20.09449,9.136009
1.4616855017485463E18,3.074356,-8.96817,-0.62667847,-0.40467834,2.5185547,0.41337585,-53.86429,20.17994,8.716965
1.461685501768688E18,3.9635773,-10.103394,-0.012023926,-0.14085388,2.8582153,0.46144104,-53.606033,20.778656,7.6278687
1.4616855017888294E18,5.068512,-10.740509,0.3256836,0.12831116,2.5505981,0.2552948,-53.778267,20.949745,5.952072
1.461685501808971E18,4.806671,-10.255066,0.6654663,0.22337341,1.9396362,-0.0053253174,-53.52001,21.035194,4.2762756
1.4616855018291126E18,3.5150757,-8.489349,0.44436646,0.21696472,1.4077148,0.023513794,-53.606033,21.120644,2.6004791
1.4616855018492544E18,2.9798737,-7.4640503,0.5814667,0.19132996,1.1834106,0.17945862,-53.692245,21.206093,1.0084152
1.461685501869396E18,2.604187,-6.973419,0.69003296,0.16996765,1.0392151,0.3599701,-53.692245,21.462631,-0.41599274
1.4616855018895375E18,2.6363068,-7.0180054,0.88960266,0.18171692,0.9398804,0.45716858,-53.4338,21.462631,-1.924324
1.461685501909679E18,3.0917969,-7.7319183,1.1576691,0.21910095,0.8490906,0.33540344,-53.261566,21.71936,-3.5161972
1.4616855019298207E18,3.4096222,-8.610886,1.703598,0.35902405,0.8640442,0.045944214,-53.261566,21.462822,-4.605484
1.4616855019499622E18,3.3901672,-9.457809,1.7982178,0.53526306,0.8170471,-0.1655426,-52.830887,21.633911,-5.611038